A 5 31.5 0
B 8.5 30 1
C 9 33.5 2
D 12 29 3
E 15 27.5 4
F 16 30 5
G 16.3 32.5 6
H 16.6 33.6 7
I 21.5 30.3 8
J 22.1 31.2 9
K 25 30 10
L 26.8 34 11
M 32.1 32.9 12
N 36.5 31.5 13
O 38 30.5 14
P 41 29 15
Q 42.7 28.7 16
R 45 28.4 17
S 47 32 18
T 43 33.7 19
U 37.8 34.8 20
V 45.3 37.5 21
W 39.5 39.3 22
AA 33.5 37 23
AB 38.5 36.5 24
AC 33 35.5 25
AD 35.3 41.6 26
AE 30 44 27
AF 22.9 44.2 28
AG 23.4 45.7 29
AH 21.5 39.7 30
AI 18.6 47.1 31
AJ 27.7 36.4 32
AK 28.2 38.1 33
AL 25 34.8 34
AM 17.3 36.2 35
AN 18 40 36
AO 17.6 43.5 37
AP 12.6 43 38
AQ 13.4 45.1 39
AR 9.6 43.3 40
AS 9.2 37.3 41
AT 6.4 38.5 42
AU 7.4 44 43
AV 14 47.5 44
AW 8.3 48.3 45